-34,-42
-34,-42
-34,-42
-120,200
-34,-42
